95
97
96
95
98
97
99
98
97
99
97
97
96
62
98
78
99
98
98
87
96
99
84
99
95
97
80
95
99
97
95
95
99
79
90
96
95
97
73
97
98
98
96
95
95
97
78
98
99
71
97
98
95
99
97
60
98
99
96
95
98
97
97
99
99
99
80
98
96
95
96
99
99
97
95
98
96
67
99
55
97
96
95
99
95
97
97
96
99
97
76
96
97
98
99
98
86
97
95
95
91
98
97
98
98
99
99
96
96
95
97
97
99
95
99
95
97
97
54
98
96
95
95
98
99
56
95
98
96
98
99
96
97
96
99
97
98
97
99
99
95
99
98
87
98
96
74
96
76
95
97
96
98
96
96
96
95
96
57
98
64
96
97
97
96
99
96
97
97
99
99
95
96
99
97
99
97
97
97
98
97
95
95
97
97
98
99
98
99
97
97
97
98
97
98
96
97
96
98
95
70
67
98
88
95
98
96
97
96
72
96
95
96
95
61
97
81
96
95
96
97
99
95
95
96
96
95
95
97
88
98
99
91
99
99
99
96
97
96
99
95
99
97
98
96
98
96
99
96
59
99
97
99
98
95
96
96
96
95
99
65
97
95
96
97
97
95
99
98
99
99
97
98
99
96
96
98
99
74
97
95
96
95
96
73
95
95
98
97
73
95
99
97
98
99
75
99
99
99
95
98
84
99
98
99
95
98
96
97
80
96
95
95
99
96
97
95
97
98
97
95
97
87
95
98
94
95
96
95
85
99
96
99
95
90
65
96
97
97
97
