55
64
96
95
96
56
56
57
99
95
85
96
99
67
52
97
95
99
98
98
95
95
97
99
85
90
57
96
95
95
97
66
99
69
98
95
95
87
91
98
95
97
92
98
97
99
96
98
97
62
62
97
99
55
90
50
89
95
85
65
95
51
60
65
98
95
65
95
99
71
96
65
56
69
72
70
79
95
99
98
83
50
60
56
80
88
68
98
60
98
96
69
75
50
58
56
95
99
59
95
90
96
97
82
98
95
77
56
94
84
98
83
82
99
98
62
97
95
78
96
97
57
59
76
95
96
77
54
55
60
54
78
99
95
72
92
99
98
99
96
95
51
97
98
99
99
97
65
91
71
69
58
66
95
96
71
98
99
81
59
96
98
82
99
90
93
96
96
79
97
76
58
98
99
99
84
53
87
95
58
98
76
84
99
60
97
99
97
96
96
98
98
95
98
92
99
98
94
99
62
71
75
99
96
97
51
95
80
90
50
98
70
95
70
56
95
95
79
86
72
67
59
98
99
74
57
57
54
92
95
97
83
86
96
98
96
60
96
98
52
96
56
99
97
95
79
61
97
96
71
98
97
87
76
97
96
96
55
87
87
57
99
64
96
99
97
99
63
98
67
64
97
95
90
97
88
95
54
99
99
97
97
98
78
97
96
73
85
97
63
96
82
64
71
72
98
87
81
98
98
97
99
95
99
99
