95
70
94
95
99
85
56
99
97
96
81
98
86
95
70
96
98
53
99
56
60
99
59
66
99
95
96
67
96
63
96
78
99
97
78
50
55
96
95
73
80
56
87
56
95
99
54
95
99
51
98
97
97
57
97
98
86
98
70
54
99
79
97
99
95
81
96
81
95
96
78
97
73
73
99
96
93
97
76
99
95
95
97
73
95
96
98
61
91
57
50
75
96
95
99
50
95
95
98
74
51
88
95
91
61
98
58
97
96
67
96
62
98
98
99
97
56
95
99
62
73
70
83
99
72
65
98
95
99
82
98
66
98
55
98
98
98
95
61
97
96
99
96
98
98
78
86
62
84
77
84
87
73
95
94
87
98
99
88
61
99
96
88
98
98
71
83
66
96
78
98
97
69
99
99
96
98
76
69
95
96
96
96
98
97
69
96
88
81
87
70
84
98
66
96
96
99
65
98
98
68
96
97
74
98
50
95
98
61
65
57
64
99
54
99
97
71
97
51
98
53
95
97
85
83
96
66
99
88
56
67
96
99
62
83
61
96
99
90
95
72
95
95
98
98
99
97
71
98
99
91
73
97
66
96
80
55
67
96
98
88
82
63
64
97
98
63
97
82
57
97
96
97
65
51
84
95
97
51
95
99
75
95
99
59
96
95
96
83
85
95
76
98
97
73
99
74
98
55
97
55
96
87
95
54
